2035929109
2035929131
2035929143
2035929151
2035929179
2035929187
2035929223
2035929239
2035929271
2035929281
2035929289
2035929293
2035929361
2035929373
2035929377
2035929383
2035929391
2035929397
2035929407
2035929419
2035929421
2035929431
2035929437
2035929491
2035929499
2035929521
2035929559
2035929589
2035929613
2035929641
2035929653
2035929677
2035929683
2035929689
2035929713
2035929733
2035929739
2035929769
2035929817
2035929823
2035929853
2035929869
2035929881
2035929937
2035929941
2035929983
2035930003
2035930019
2035930037
2035930049
2035930063
2035930087
2035930103
2035930109
2035930111
2035930121
2035930201
2035930207
2035930241
2035930271
2035930277
2035930279
2035930289
2035930321
2035930339
2035930373
2035930483
2035930493
2035930573
2035930577
2035930601
2035930621
2035930639
2035930643
2035930657
2035930669
2035930681
2035930691
2035930709
2035930747
2035930753
2035930823
2035930903
2035930907
2035930961
2035931011
2035931039
2035931069
2035931071
2035931087
2035931119
2035931123
2035931147
2035931171
2035931189
2035931197
2035931251
2035931257
2035931279
2035931309
2035931329
2035931459
2035931483
2035931497
2035931507
2035931519
2035931533
2035931537
2035931551
2035931561
2035931563
2035931617
2035931647
2035931659
2035931671
2035931699
2035931701
2035931743
2035931819
2035931857
2035931873
2035931893
2035931897
2035931923
2035931927
2035931941
2035931959
2035931969
2035931971
2035932013
2035932071
2035932083
2035932097
2035932131
2035932163
2035932167
2035932191
2035932209
2035932263
2035932271
2035932277
2035932307
2035932337
2035932341
2035932361
2035932373
2035932389
2035932419
2035932421
2035932433
2035932467
2035932491
2035932497
2035932527
2035932539
2035932541
2035932553
2035932581
2035932589
2035932611
2035932637
2035932643
2035932667
2035932671
2035932673
2035932683
2035932721
2035932727
2035932749
2035932799
2035932803
2035932839
2035932853
2035932931
2035932991
2035933013
2035933057
2035933099
2035933111
2035933121
2035933127
2035933147
2035933171
2035933181
2035933219
2035933231
2035933241
2035933247
2035933309
2035933327
2035933331
2035933337
2035933349
2035933369
2035933387
2035933421
2035933441
2035933469
2035933483
2035933511
2035933517
2035933531
2035933561
2035933607
2035933609
2035933631
2035933673
2035933681
2035933723
2035933789
2035933811
2035933813
2035933831
2035933901
2035933903
2035933931
2035933967
2035933993
2035934003
2035934039
2035934051
2035934053
2035934071
2035934099
2035934101
2035934119
2035934137
2035934149
2035934179
2035934191
2035934281
2035934291
2035934317
2035934321
2035934323
2035934413
2035934423
2035934437
2035934477
2035934497
2035934503
2035934507
2035934519
2035934567
2035934599
2035934611
2035934617
2035934623
2035934627
2035934701
2035934729
2035934743
2035934749
2035934753
2035934777
2035934779
2035934783
2035934801
2035934837
2035934891
2035934921
2035934933
2035934941
2035934969
2035934981
2035934993
2035935001
2035935017
2035935043
2035935071
2035935089
2035935133
2035935157
2035935193
2035935203
2035935247
2035935259
2035935271
2035935299
2035935347
2035935359
2035935379
2035935409
2035935493
2035935529
2035935569
2035935607
2035935611
2035935631
2035935637
2035935667
2035935683
2035935743
2035935779
2035935791
2035935809
2035935821
2035935859
2035935871
2035935877
2035935883
2035935931
2035935949
2035935977
2035935983
2035936003
2035936027
2035936033
2035936043
2035936073
2035936081
2035936109
2035936121
2035936157
2035936159
2035936193
2035936207
2035936249
2035936277
2035936297
2035936381
2035936391
2035936403
2035936411
2035936451
2035936457
2035936489
2035936543
2035936559
2035936597
2035936613
2035936633
2035936649
2035936657
2035936663
2035936673
2035936699
2035936723
2035936751
2035936787
2035936789
2035936801
2035936807
2035936843
2035936853
2035936883
2035936897
2035936979
2035937003
2035937009
2035937011
2035937027
2035937063
2035937081
2035937087
2035937143
2035937147
2035937201
2035937227
2035937251
2035937261
2035937263
2035937269
2035937291
2035937317
2035937327
2035937347
2035937353
2035937363
2035937377
2035937401
2035937411
2035937447
2035937473
2035937503
2035937521
2035937539
2035937549
2035937573
2035937591
2035937597
2035937599
2035937633
2035937653
2035937693
2035937711
2035937747
2035937767
2035937791
2035937797
2035937819
2035937857
2035937881
2035937887
2035937921
2035937929
2035937933
2035938001
2035938007
2035938017
2035938029
2035938083
2035938097
2035938133
2035938161
2035938169
2035938181
2035938187
2035938211
2035938251
2035938253
2035938259
2035938263
2035938269
2035938341
2035938371
2035938409
2035938413
2035938439
2035938451
2035938497
2035938539
2035938551
2035938557
2035938571
2035938577
2035938589
2035938601
2035938617
2035938629
2035938659
2035938677
2035938689
2035938713
2035938731
2035938743
2035938811
2035938847
2035938851
2035938893
2035938913
2035938929
2035938937
2035938953
2035938959
2035939027
2035939063
2035939069
2035939079
2035939141
2035939153
2035939163
2035939177
2035939181
2035939187
2035939219
2035939273
2035939289
2035939417
2035939421
2035939439
2035939441
2035939457
2035939483
2035939489
2035939511
2035939531
2035939603
2035939621
2035939637
2035939649
2035939651
2035939657
2035939673
2035939679
2035939687
2035939709
2035939723
2035939739
2035939753
2035939769
2035939817
2035939819
2035939831
2035939859
2035939879
2035939883
2035939897
2035939931
2035939943
2035939949
2035939979
2035939991
2035939999
2035940021
2035940033
2035940063
2035940119
2035940131
2035940147
2035940161
2035940167
2035940171
2035940191
2035940201
2035940233
2035940267
2035940279
2035940297
2035940303
2035940327
2035940339
2035940351
2035940353
2035940359
2035940371
2035940411
2035940419
2035940437
2035940441
2035940483
2035940509
2035940513
2035940537
2035940603
2035940629
2035940633
2035940659
2035940707
2035940713
2035940741
2035940743
2035940747
2035940827
2035940831
2035940843
2035940861
2035940891
2035940897
2035940939
2035940983
2035941073
2035941077
2035941091
2035941101
2035941179
2035941197
2035941211
2035941221
2035941247
2035941269
2035941283
2035941287
2035941289
2035941293
2035941343
2035941359
2035941361
2035941373
2035941377
2035941419
2035941449
2035941463
2035941493
2035941517
2035941521
2035941527
2035941533
2035941547
2035941581
2035941631
2035941643
2035941653
2035941671
2035941689
2035941697
2035941701
2035941703
2035941707
2035941763
2035941779
2035941799
2035941821
2035941829
2035941847
2035941863
2035941881
2035941893
2035941977
2035941997
2035942033
2035942061
2035942123
2035942177
2035942201
2035942217
2035942229
2035942231
2035942243
2035942247
2035942367
2035942379
2035942387
2035942399
2035942411
2035942487
2035942523
2035942541
2035942553
2035942567
2035942609
2035942613
2035942619
2035942621
2035942633
2035942669
2035942673
2035942687
2035942691
2035942747
2035942789
2035942841
2035942849
2035942877
2035942879
2035942921
2035942927
2035942981
2035943017
2035943033
2035943053
2035943071
2035943083
2035943131
2035943201
2035943213
2035943237
2035943257
2035943269
2035943281
2035943293
2035943333
2035943353
2035943359
2035943411
2035943449
2035943467
2035943471
2035943473
2035943479
2035943527
2035943551
2035943671
2035943687
2035943699
2035943717
2035943719
2035943737
2035943761
2035943771
2035943779
2035943809
2035943813
2035943827
2035943837
2035943843
2035943867
2035943887
2035943893
2035943909
2035943911
2035943951
2035943989
2035944013
2035944019
2035944077
2035944103
2035944109
2035944133
2035944137
2035944151
2035944179
2035944181
2035944223
2035944271
2035944283
2035944289
2035944341
2035944353
2035944359
2035944419
2035944431
2035944461
2035944473
2035944511
2035944517
2035944529
2035944539
2035944553
2035944569
2035944571
2035944577
2035944641
2035944643
2035944649
2035944661
2035944689
2035944707
2035944719
2035944761
2035944763
2035944773
2035944811
2035944851
2035944887
2035944907
2035944923
2035944941
2035944959
2035944997
2035945031
2035945033
2035945039
2035945063
2035945099
2035945129
2035945193
2035945217
2035945237
2035945259
2035945283
2035945297
2035945343
2035945357
2035945369
2035945393
2035945403
2035945421
2035945427
2035945453
2035945459
2035945523
2035945529
2035945531
2035945543
2035945547
2035945559
2035945673
2035945679
2035945697
2035945727
2035945753
2035945799
2035945861
2035945867
2035945883
2035945907
2035945909
2035945921
2035945937
2035945939
2035945991
2035946021
2035946023
2035946041
2035946057
2035946113
2035946149
2035946153
2035946161
2035946191
2035946203
2035946221
2035946239
2035946243
2035946257
2035946267
2035946279
2035946291
2035946303
2035946347
2035946351
2035946357
2035946369
2035946377
2035946417
2035946443
2035946449
2035946461
2035946477
2035946489
2035946509
2035946519
2035946531
2035946533
2035946569
2035946573
2035946593
2035946617
2035946663
2035946681
2035946687
2035946701
2035946747
2035946749
2035946753
2035946791
2035946851
2035946873
2035946879
2035946921
2035946951
2035946971
2035946977
2035946981
2035946989
2035946993
2035947007
2035947037
2035947049
2035947077
2035947079
2035947107
2035947197
2035947239
2035947241
2035947257
2035947271
2035947283
2035947293
2035947323
2035947341
2035947343
2035947367
2035947377
2035947401
2035947409
2035947427
2035947437
2035947449
2035947461
2035947467
2035947497
2035947499
2035947503
2035947509
2035947539
2035947577
2035947623
2035947637
2035947643
2035947691
2035947721
2035947731
2035947763
2035947769
2035947839
2035947877
2035947913
2035947937
2035947941
2035947967
2035948003
2035948037
2035948141
2035948153
2035948177
2035948181
2035948183
2035948241
2035948259
2035948279
2035948283
2035948331
2035948337
2035948349
2035948351
2035948361
2035948379
2035948399
2035948469
2035948471
2035948483
2035948493
2035948517
2035948531
2035948549
2035948571
2035948601
2035948639
2035948669
2035948697
2035948711
2035948721
2035948727
2035948763
2035948787
2035948793
2035948801
2035948823
2035948829
2035948841
2035948853
2035948879
2035948897
2035948913
2035948949
2035948969
2035948987
2035949023
2035949059
2035949077
2035949119
2035949141
2035949159
2035949171
2035949203
2035949233
2035949303
2035949327
2035949329
2035949407
2035949417
2035949429
2035949449
2035949477
2035949483
2035949497
2035949507
2035949533
2035949549
2035949551
2035949557
2035949561
2035949599
2035949621
2035949651
2035949653
2035949677
2035949689
2035949701
2035949737
2035949777
2035949821
2035949873
2035949891
2035949957
2035949963
2035949987
2035949999
2035950011
2035950023
2035950029
2035950031
2035950067
2035950113
2035950131
2035950151
2035950181
2035950193
2035950199
2035950211
2035950247
2035950253
2035950269
2035950289
2035950337
2035950341
2035950349
2035950353
2035950391
2035950401
2035950421
2035950437
2035950463
2035950467
2035950487
2035950523
2035950551
2035950563
2035950577
2035950619
2035950629
2035950647
2035950703
2035950733
2035950767
2035950793
2035950797
2035950809
2035950853
2035950859
2035950883
2035950893
2035950911
2035950919
2035950967
2035951013
2035951039
2035951081
2035951087
2035951091
2035951121
2035951129
2035951153
2035951193
2035951207
2035951219
2035951249
2035951259
2035951261
2035951277
2035951301
2035951343
2035951349
2035951427
2035951429
2035951439
2035951459
2035951469
2035951471
2035951481
2035951493
2035951507
2035951523
2035951537
2035951553
2035951591
2035951597
2035951601
2035951607
2035951613
2035951627
2035951639
2035951649
2035951661
2035951733
2035951741
2035951759
2035951769
2035951811
2035951829
2035951843
2035951861
2035951889
2035951891
2035951901
2035951933
2035951937
2035951949
2035951961
2035951991
2035951993
2035952021
2035952071
2035952077
2035952099
2035952101
2035952153
2035952161
2035952173
2035952179
2035952189
2035952231
2035952267
2035952273
2035952327
2035952329
2035952363
2035952377
2035952381
2035952389
2035952423
2035952437
2035952447
2035952489
2035952507
2035952509
2035952551
2035952573
2035952579
2035952587
2035952591
2035952603
2035952629
2035952701
2035952717
2035952719
2035952729
2035952747
2035952767
2035952773
2035952783
2035952833
2035952839
2035952843
2035952851
2035952887
2035952911
2035952951
2035952953
2035952983
2035953001
2035953067
2035953071
2035953107
2035953109
2035953163
2035953197
2035953203
2035953209
2035953211
2035953217
2035953313
2035953343
2035953401
2035953407
2035953421
2035953457
2035953461
2035953487
2035953509
2035953529
2035953539
2035953547
2035953553
2035953593
2035953617
2035953631
2035953653
2035953701
2035953709
2035953727
2035953757
2035953761
2035953811
2035953833
2035953839
2035953869
2035953877
2035953889
2035953893
2035953937
2035953967
2035953973
2035953977
2035954009
2035954057
2035954069
2035954073
2035954079
2035954087
2035954103
2035954111
2035954169
2035954213
2035954223
2035954229
2035954237
2035954247
2035954279
2035954301
2035954307
2035954313
2035954331
2035954339
2035954363
2035954379
2035954409
2035954433
2035954463
2035954513
2035954537
2035954567
2035954573
2035954579
2035954603
2035954639
2035954643
2035954649
2035954763
2035954769
2035954793
2035954801
2035954807
2035954819
2035954829
2035954873
2035954913
2035954951
2035954961
2035954967
2035954981
2035955021
2035955023
2035955041
2035955059
2035955087
2035955113
2035955143
2035955153
2035955167
2035955177
2035955231
2035955261
2035955267
2035955297
2035955323
2035955381
2035955419
2035955437
2035955461
2035955483
2035955489
2035955501
2035955543
2035955557
2035955567
2035955587
2035955611
2035955629
2035955639
2035955681
2035955693
2035955707
2035955711
2035955731
2035955839
2035955861
2035955891
2035955897
2035955899
2035955903
2035955981
2035956017
2035956037
2035956047
2035956059
2035956071
2035956121
2035956127
2035956179
2035956187
2035956253
2035956259
2035956277
2035956289
2035956319
2035956323
2035956337
2035956347
2035956353
2035956407
2035956437
2035956443
2035956473
2035956509
2035956511
2035956521
2035956529
2035956547
2035956569
2035956581
2035956623
2035956649
2035956653
2035956683
2035956781
2035956817
2035956829
2035956841
2035956847
2035956869
2035956887
2035956911
2035956929
2035956971
2035956973
2035957081
2035957109
2035957117
2035957123
2035957127
2035957129
2035957177
2035957199
2035957201
2035957241
2035957279
2035957283
2035957303
2035957321
2035957351
2035957361
2035957367
2035957397
2035957403
2035957439
2035957471
2035957487
2035957489
2035957537
2035957571
2035957577
2035957607
2035957633
2035957667
2035957687
2035957691
2035957717
2035957733
2035957739
2035957799
2035957811
2035957813
2035957837
2035957841
2035957867
2035957871
2035957897
2035957921
2035957933
2035957943
2035957949
2035958039
2035958051
2035958081
2035958107
2035958149
2035958153
2035958179
2035958191
2035958207
2035958213
2035958219
2035958227
2035958257
2035958261
2035958269
2035958273
2035958293
2035958329
2035958333
2035958339
2035958341
2035958389
2035958401
2035958417
2035958429
2035958473
2035958513
2035958527
2035958537
2035958563
2035958567
2035958569
2035958591
2035958593
2035958599
2035958647
2035958651
2035958671
2035958693
2035958713
2035958723
2035958741
2035958761
2035958783
2035958807
2035958819
2035958861
2035958863
2035958983
2035958987
2035959031
2035959043
2035959059
2035959061
2035959071
2035959073
2035959089
2035959097
2035959157
2035959173
2035959187
2035959199
2035959203
2035959209
2035959229
2035959281
2035959311
2035959319
2035959349
2035959361
2035959377
2035959391
2035959403
2035959439
2035959451
2035959469
2035959547
2035959581
2035959599
2035959617
2035959637
2035959641
2035959683
2035959713
2035959721
2035959749
2035959769
2035959781
2035959799
2035959803
2035959811
2035959841
2035959847
2035959859
2035959901
2035959917
2035959923
2035959943
2035959971
2035959983
2035959997
2035960093
2035960099
2035960117
2035960127
2035960159
2035960163
2035960177
2035960183
2035960229
2035960231
2035960237
2035960279
2035960319
2035960337
2035960349
2035960363
2035960373
2035960393
2035960463
2035960501
2035960513
2035960547
2035960559
2035960601
2035960607
2035960651
2035960669
2035960697
2035960721
2035960741
2035960769
2035960777
2035960781
2035960793
2035960799
2035960813
2035960819
2035960859
2035960873
2035960877
2035960879
2035960891
2035960909
2035960937
2035960963
2035960999
2035961047
2035961051
2035961069
2035961099
2035961183
2035961197
2035961243
2035961251
2035961261
2035961273
2035961299
2035961309
2035961339
2035961351
2035961381
2035961401
2035961441
2035961461
2035961467
2035961491
2035961503
2035961513
2035961533
2035961537
2035961561
2035961581
2035961591
2035961647
2035961659
2035961671
2035961677
2035961731
2035961749
2035961779
2035961789
2035961813
2035961819
2035961821
2035961833
2035961843
2035961857
2035961881
2035961899
2035961903
2035961923
2035961951
2035961957
2035961959
2035961971
2035961987
2035961989
2035962053
2035962077
2035962113
2035962127
2035962161
2035962179
2035962199
2035962223
2035962241
2035962283
2035962287
2035962337
2035962353
2035962359
2035962377
2035962389
2035962419
2035962443
2035962451
2035962491
2035962521
2035962529
2035962587
2035962589
2035962601
2035962611
2035962637
2035962659
2035962679
2035962683
2035962749
2035962751
2035962757
2035962763
2035962767
2035962769
2035962793
2035962809
2035962853
2035962869
2035962883
2035962899
2035962941
2035962997
2035963001
2035963043
2035963051
2035963057
2035963121
2035963123
2035963133
2035963141
2035963169
2035963177
2035963187
2035963207
2035963213
2035963217
2035963247
2035963271
2035963291
2035963331
2035963337
2035963379
2035963387
2035963451
2035963481
2035963513
2035963529
2035963547
2035963549
2035963561
2035963607
2035963619
2035963637
2035963661
2035963663
2035963669
2035963679
2035963697
2035963717
2035963729
2035963751
2035963801
2035963807
2035963819
2035963847
2035963913
2035963921
2035963931
2035963939
2035963949
2035963973
2035964003
2035964027
2035964069
2035964093
2035964131
2035964159
2035964173
2035964197
2035964303
2035964317
2035964351
2035964383
2035964431
2035964449
2035964467
2035964501
2035964503
2035964509
2035964597
2035964599
2035964611
2035964629
2035964647
2035964677
2035964687
2035964713
2035964747
2035964783
2035964789
2035964797
2035964837
2035964857
2035964891
2035964911
2035964929
2035964939
2035964947
2035965013
2035965031
2035965047
2035965059
2035965089
2035965091
2035965119
2035965133
2035965149
2035965193
2035965199
2035965209
2035965233
2035965263
2035965289
2035965307
2035965397
2035965403
2035965427
2035965431
2035965433
2035965439
2035965457
2035965461
2035965469
2035965487
2035965553
2035965559
2035965583
2035965629
2035965661
2035965709
2035965721
2035965731
2035965733
2035965749
2035965751
2035965761
2035965791
2035965803
2035965817
2035965821
2035965857
2035965859
2035965863
2035965887
2035965901
2035965907
2035965913
2035965929
2035965937
2035965941
2035965961
2035966001
2035966027
2035966039
2035966057
2035966061
2035966067
2035966091
2035966103
2035966129
2035966133
2035966157
2035966171
2035966211
2035966217
2035966253
2035966267
2035966307
2035966363
2035966367
2035966379
2035966409
2035966459
2035966501
2035966519
2035966531
2035966549
2035966553
2035966567
2035966577
2035966579
2035966607
2035966609
2035966687
2035966697
2035966729
2035966741
2035966747
2035966753
2035966771
2035966783
2035966813
2035966817
2035966841
2035966879
2035966883
2035966913
2035966931
2035966939
2035966949
2035966993
2035966997
2035967027
2035967033
2035967041
2035967077
2035967081
2035967083
2035967093
2035967111
2035967117
2035967147
2035967189
2035967207
2035967239
2035967251
2035967267
2035967279
2035967303
2035967407
2035967419
2035967441
2035967449
2035967491
2035967497
2035967503
2035967519
2035967561
2035967597
2035967663
2035967683
2035967701
2035967779
2035967783
2035967789
2035967807
2035967831
2035967833
2035967863
2035967887
2035967891
2035967893
2035967897
2035967911
2035967951
2035967959
2035967977
2035968019
2035968041
2035968049
2035968083
2035968089
2035968133
2035968139
2035968169
2035968173
2035968191
2035968197
2035968217
2035968247
2035968293
2035968317
2035968353
2035968367
2035968377
2035968383
2035968409
2035968413
2035968479
2035968481
2035968491
2035968497
2035968509
2035968527
2035968551
2035968581
2035968587
2035968661
2035968667
2035968673
2035968677
2035968709
2035968713
2035968743
2035968749
2035968791
2035968797
2035968811
2035968821
2035968827
2035968853
2035968863
2035968881
2035968887
2035968899
2035968917
2035968923
2035968931
2035968973
2035969003
2035969007
2035969063
2035969069
2035969093
2035969097
2035969121
2035969127
2035969139
2035969151
2035969207
2035969217
2035969219
2035969259
2035969291
2035969319
2035969321
2035969417
2035969427
2035969451
2035969493
2035969501
2035969519
2035969541
2035969549
2035969561
2035969619
2035969627
2035969697
2035969711
2035969721
2035969723
2035969753
2035969783
2035969799
2035969811
2035969843
2035969847
2035969879
2035969921
2035969951
2035970009
2035970021
2035970047
2035970089
2035970107
2035970119
2035970129
2035970159
2035970179
2035970207
2035970263
2035970267
2035970273
2035970323
2035970341
2035970357
2035970359
2035970411
2035970437
2035970449
2035970459
2035970471
2035970501
2035970509
2035970513
2035970527
2035970597
2035970611
2035970617
2035970623
2035970627
2035970633
2035970683
2035970693
2035970719
2035970759
2035970773
2035970801
2035970809
2035970869
2035970921
2035970929
2035970939
2035970941
2035970969
2035970977
2035971061
2035971101
2035971127
2035971131
2035971149
2035971167
2035971191
2035971253
2035971269
2035971307
2035971337
2035971347
2035971359
2035971367
2035971403
2035971437
2035971463
2035971473
2035971479
2035971517
2035971529
2035971559
2035971571
2035971599
2035971601
2035971643
2035971667
2035971689
2035971701
2035971713
2035971719
2035971793
2035971797
2035971829
2035971857
2035971859
2035971863
2035971871
2035971881
2035971887
2035971893
2035971907
2035971919
2035971979
2035971997
2035972007
2035972013
2035972049
2035972069
2035972079
2035972171
2035972229
2035972261
2035972271
2035972283
2035972363
2035972381
2035972447
2035972451
2035972459
2035972501
2035972507
2035972529
2035972541
2035972559
2035972571
2035972577
2035972583
2035972613
2035972621
2035972639
2035972663
2035972667
2035972669
2035972691
2035972723
2035972727
2035972733
2035972769
2035972801
2035972859
2035972877
2035972907
2035972919
2035972933
2035972937
2035972943
2035972963
2035972973
2035972997
2035973011
2035973021
2035973047
2035973077
2035973099
2035973117
2035973131
2035973183
2035973221
2035973243
2035973249
2035973257
2035973263
2035973281
2035973297
2035973341
2035973347
2035973353
2035973371
2035973389
2035973411
2035973413
2035973419
2035973437
2035973447
2035973473
2035973479
2035973491
2035973549
2035973561
2035973579
2035973587
2035973603
2035973647
2035973713
2035973741
2035973773
2035973783
2035973809
2035973843
2035973923
2035973963
2035973983
2035973993
2035973999
2035974047
2035974067
2035974079
2035974107
2035974119
2035974121
2035974131
2035974133
2035974137
2035974151
2035974169
2035974181
2035974209
2035974221
2035974229
2035974233
2035974257
2035974287
2035974299
2035974331
2035974389
2035974401
2035974427
2035974497
2035974503
2035974517
2035974527
2035974533
2035974539
2035974557
2035974581
2035974607
2035974637
2035974641
2035974643
2035974683
2035974727
2035974767
2035974779
2035974781
2035974799
2035974803
2035974821
2035974847
2035974851
2035974877
2035974917
2035974923
2035974931
2035974943
2035974959
2035974971
2035975013
2035975043
2035975049
2035975057
2035975087
2035975091
2035975099
2035975133
2035975141
2035975159
2035975217
2035975219
2035975237
2035975241
2035975261
2035975307
2035975379
2035975391
2035975393
2035975399
2035975441
2035975453
2035975477
2035975489
2035975507
2035975511
2035975517
2035975547
2035975603
2035975631
2035975633
2035975639
2035975649
2035975651
2035975661
2035975679
2035975687
2035975691
2035975693
2035975703
2035975759
2035975789
2035975813
2035975817
2035975829
2035975831
2035975841
2035975897
2035975927
2035975987
2035975993
2035975999
2035976003
2035976009
2035976029
2035976039
2035976087
2035976093
2035976143
2035976149
2035976167
2035976197
2035976207
2035976213
2035976249
2035976263
2035976273
2035976309
2035976311
2035976381
2035976413
2035976417
2035976431
2035976473
2035976479
2035976489
2035976519
2035976539
2035976573
2035976603
2035976641
2035976651
2035976653
2035976669
2035976681
2035976699
2035976707
2035976713
2035976731
2035976741
2035976743
2035976791
2035976807
2035976819
2035976827
2035976881
2035976903
2035976909
2035976923
2035976953
2035976963
2035977017
2035977077
2035977107
2035977109
2035977113
2035977127
2035977157
2035977169
2035977193
2035977199
2035977257
2035977269
2035977283
2035977299
2035977311
2035977323
2035977331
2035977343
2035977367
2035977371
2035977403
2035977407
2035977431
2035977473
2035977497
2035977521
2035977529
2035977553
2035977569
2035977589
2035977649
2035977653
2035977667
2035977677
2035977689
2035977701
2035977739
2035977761
2035977787
2035977791
2035977821
2035977859
2035977863
2035977887
2035977929
2035977971
2035977997
2035978013
2035978019
2035978033
2035978039
2035978067
2035978073
2035978097
2035978121
2035978129
2035978159
2035978163
2035978171
2035978187
2035978201
2035978207
2035978211
2035978213
2035978223
2035978261
2035978277
2035978303
2035978349
2035978387
2035978393
2035978433
2035978481
2035978487
2035978501
2035978519
2035978547
2035978579
2035978583
2035978673
2035978691
2035978709
2035978733
2035978793
2035978799
2035978811
2035978823
2035978829
2035978831
2035978849
2035978873
2035978913
2035978927
2035978937
2035978949
2035978951
2035978963
2035978981
2035978999
2035979003
2035979027
2035979053
2035979059
2035979081
2035979083
2035979087
2035979089
2035979123
2035979129
2035979147
2035979161
2035979171
2035979233
2035979237
2035979243
2035979261
2035979273
2035979321
2035979339
2035979377
2035979399
2035979419
2035979431
2035979461
2035979479
2035979489
2035979497
2035979507
2035979531
2035979549
2035979567
2035979579
2035979593
2035979633
2035979641
2035979651
2035979669
2035979677
2035979731
2035979747
2035979761
2035979773
2035979779
2035979783
2035979801
2035979807
2035979821
2035979837
2035979921
2035979929
2035979947
2035979983
2035980029
2035980043
2035980059
2035980073
2035980101
2035980113
2035980139
2035980143
2035980151
2035980181
2035980187
2035980203
2035980227
2035980259
2035980269
2035980311
2035980313
2035980341
2035980361
2035980403
2035980407
2035980421
2035980431
2035980461
2035980481
2035980497
2035980509
2035980581
2035980671
2035980721
2035980763
2035980767
2035980823
2035980883
2035980901
2035980949
2035980983
2035981007
2035981009
2035981033
2035981037
2035981039
2035981049
2035981097
2035981187
2035981223
2035981237
2035981253
2035981267
2035981289
2035981291
2035981313
2035981333
2035981349
2035981369
2035981397
2035981457
2035981481
2035981483
2035981487
2035981529
2035981543
2035981553
2035981559
2035981583
2035981631
2035981639
2035981663
2035981709
2035981733
2035981741
2035981751
2035981799
2035981807
2035981817
2035981819
2035981867
2035981877
2035981903
2035981951
2035981963
2035981973
2035981991
2035982023
2035982027
2035982029
2035982051
2035982063
2035982077
2035982083
2035982087
2035982093
2035982111
2035982129
2035982161
2035982167
2035982171
2035982209
2035982213
2035982231
2035982243
2035982261
2035982279
2035982317
2035982321
2035982329
2035982369
2035982393
2035982401
2035982453
2035982479
2035982489
2035982491
2035982513
2035982521
2035982573
2035982587
2035982603
2035982647
2035982657
2035982737
2035982759
2035982803
2035982813
2035982857
2035982873
2035982891
2035982899
2035982911
2035982929
2035983091
2035983097
2035983107
2035983113
2035983119
2035983211
2035983227
2035983239
2035983281
2035983319
2035983347
2035983413
2035983421
2035983463
2035983487
2035983493
2035983539
2035983577
2035983583
2035983601
2035983613
2035983643
2035983661
2035983679
2035983689
2035983701
2035983721
2035983743
2035983757
2035983839
2035983841
2035983877
2035983883
2035983907
2035983913
2035983919
2035983959
2035983967
2035983991
2035983997
2035984003
2035984019
2035984021
2035984031
2035984133
2035984151
2035984157
2035984183
2035984187
2035984193
2035984199
2035984201
2035984217
2035984267
2035984271
2035984283
2035984297
2035984309
2035984351
2035984421
2035984471
2035984477
2035984487
2035984529
2035984571
2035984579
2035984591
2035984609
2035984627
2035984669
2035984693
2035984733
2035984801
2035984807
2035984837
2035984883
2035984891
2035984901
2035984913
2035984943
2035984997
2035985023
2035985041
2035985053
2035985069
2035985087
2035985123
2035985173
2035985177
2035985183
2035985249
2035985251
2035985267
2035985309
2035985321
2035985327
2035985333
2035985351
2035985353
2035985401
2035985429
2035985431
2035985443
2035985491
2035985521
2035985533
2035985557
2035985587
2035985591
2035985657
2035985663
2035985669
2035985683
2035985753
2035985759
2035985771
2035985789
2035985797
2035985813
2035985849
2035985881
2035985911
2035985923
2035985929
2035985951
2035985953
2035985969
2035985981
2035986019
2035986047
2035986067
2035986089
2035986107
2035986137
2035986187
2035986193
2035986217
2035986233
2035986259
2035986299
2035986301
2035986389
2035986391
2035986413
2035986443
2035986461
2035986479
2035986481
2035986497
2035986523
2035986541
2035986577
2035986593
2035986613
2035986637
2035986643
2035986671
2035986697
2035986709
2035986727
2035986773
2035986779
2035986791
2035986829
2035986851
2035986859
2035986877
2035986881
2035986893
2035986899
2035986913
2035986917
2035986941
2035986949
2035986977
2035986989
2035987027
2035987033
2035987067
2035987069
2035987081
2035987087
2035987097
2035987111
2035987127
2035987141
2035987169
2035987171
2035987181
2035987207
2035987211
2035987231
2035987243
2035987249
2035987259
2035987309
2035987363
2035987367
2035987381
2035987433
2035987441
2035987451
2035987469
2035987483
2035987487
2035987519
2035987529
2035987537
2035987549
2035987561
2035987649
2035987663
2035987691
2035987697
2035987699
2035987727
2035987729
2035987777
2035987787
2035987801
2035987819
2035987823
2035987829
2035987831
2035987841
2035987843
2035987861
2035987897
2035987903
2035987907
2035987909
2035987957
2035987973
2035987979
2035988069
2035988137
2035988179
2035988191
2035988203
2035988231
2035988243
2035988249
2035988309
2035988321
2035988341
2035988369
2035988389
2035988393
2035988407
2035988411
2035988419
2035988431
2035988473
2035988477
2035988489
2035988509
2035988599
2035988623
2035988657
2035988671
2035988749
2035988771
2035988791
2035988803
2035988809
2035988821
2035988837
2035988839
2035988861
2035988917
2035988923
2035988939
2035988959
2035988987
2035989001
2035989073
2035989083
2035989089
2035989103
2035989107
2035989133
2035989149
2035989227
2035989257
2035989299
2035989301
2035989313
2035989391
2035989401
2035989407
2035989427
2035989503
2035989607
2035989643
2035989653
2035989661
2035989691
2035989727
2035989731
2035989737
2035989749
2035989793
2035989797
2035989803
2035989829
2035989833
2035989847
2035989869
2035989889
2035989911
2035989913
2035989941
2035989947
2035989953
2035989961
2035989997
2035990001
2035990031
2035990063
2035990067
2035990097
2035990109
2035990169
2035990247
2035990301
2035990303
2035990309
2035990357
2035990417
2035990427
2035990459
2035990477
2035990493
2035990519
2035990547
2035990549
2035990553
2035990609
2035990643
2035990651
2035990711
2035990739
2035990741
2035990753
2035990769
2035990777
2035990787
2035990793
2035990799
2035990807
2035990829
2035990837
2035990877
2035990883
2035990903
2035990991
2035991011
2035991017
2035991029
2035991051
2035991063
2035991071
2035991099
2035991137
2035991141
2035991147
2035991149
2035991249
2035991263
2035991299
2035991317
2035991333
2035991339
2035991359
2035991369
2035991423
2035991443
2035991453
2035991497
2035991599
2035991609
2035991611
2035991623
2035991677
2035991687
2035991729
2035991747
2035991753
2035991773
2035991801
2035991803
2035991819
2035991831
2035991863
2035991869
2035991887
2035991891
2035991921
2035991941
2035991957
2035991959
2035991983
2035992011
2035992019
2035992061
2035992089
2035992103
2035992121
2035992149
2035992151
2035992163
2035992197
2035992263
2035992271
2035992281
2035992307
2035992317
2035992331
2035992347
2035992349
2035992359
2035992397
2035992401
2035992457
2035992527
2035992551
2035992559
2035992587
2035992613
2035992617
2035992619
2035992659
2035992667
2035992677
2035992689
2035992727
2035992731
2035992733
2035992781
2035992787
2035992793
2035992809
2035992817
2035992877
2035992887
2035992901
2035992929
2035992941
2035992967
2035992979
2035992991
2035992997
2035993009
2035993033
2035993061
2035993073
2035993123
2035993153
2035993159
2035993163
2035993177
2035993229
2035993273
2035993303
2035993313
2035993319
2035993331
2035993381
2035993483
2035993493
2035993501
2035993601
2035993639
2035993679
2035993733
2035993777
2035993801
2035993903
2035993907
2035993943
2035993951
2035993957
2035993991
2035993997
2035994033
2035994041
2035994101
2035994117
2035994119
2035994123