262016011
262016017
262016021
262016039
262016063
262016077
262016081
262016147
262016149
262016159
262016171
262016173
262016179
262016191
262016197
262016233
262016269
262016273
262016311
262016317
262016323
262016333
262016389
262016407
262016467
262016519
262016549
262016561
262016611
262016617
262016627
262016633
262016639
262016663
262016687
262016701
262016717
262016719
262016753
262016761
262016771
262016803
262016849
262016857
262016879
262016893
262016921
262016933
262016939
262016941
262016957
262016959
262016969
262016981
262016983
262017023
262017031
262017037
262017043
262017061
262017089
262017097
262017109
262017137
262017179
262017181
262017211
262017251
262017253
262017257
262017263
262017269
262017293
262017299
262017307
262017317
262017337
262017377
262017389
262017401
262017409
262017443
262017463
262017473
262017491
262017499
262017517
262017521
262017551
262017557
262017559
262017571
262017599
262017671
262017689
262017727
262017737
262017739
262017779
262017781
262017793
262017827
262017829
262017853
262017857
262017881
262017883
262017893
262017911
262017913
262017941
262017949
262017971
262017989
262018007
262018027
262018051
262018067
262018073
262018121
262018123
262018177
262018199
262018223
262018313
262018319
262018321
262018357
262018387
262018397
262018409
262018429
262018447
262018453
262018457
262018459
262018481
262018483
262018513
262018517
262018529
262018573
262018619
262018621
262018657
262018661
262018693
262018703
262018763
262018777
262018781
262018787
262018811
262018819
262018831
262018837
262018853
262018871
262018877
262018891
262018901
262018903
262018951
262018961
262018993
262019003
262019047
262019083
262019117
262019129
262019137
262019141
262019143
262019171
262019183
262019207
262019209
262019231
262019267
262019327
262019363
262019377
262019389
262019393
262019489
262019491
262019497
262019507
262019509
262019573
262019591
262019609
262019617
262019621
262019699
262019713
262019717
262019731
262019789
262019819
262019831
262019833
262019839
262019851
262019939
262019983
262020023
262020079
262020097
262020139
262020151
262020173
262020211
262020233
262020259
262020271
262020281
262020289
262020323
262020329
262020331
262020389
262020419
262020443
262020449
262020503
262020511
262020527
262020553
262020581
262020589
262020599
262020611
262020613
262020701
262020721
262020749
262020757
262020769
262020793
262020833
262020841
262020859
262020877
262020883
262020901
262020917
262020919
262020931
262020953
262020971
262020989
262021031
262021057
262021063
262021069
262021079
262021127
262021141
262021171
262021189
262021213
262021217
262021297
262021303
262021307
262021321
262021327
262021369
262021373
262021379
262021399
262021411
262021421
262021439
262021469
262021477
262021481
262021547
262021553
262021577
262021603
262021633
262021649
262021651
262021667
262021691
262021717
262021733
262021759
262021763
262021777
262021783
262021807
262021813
262021817
262021829
262021843
262021847
262021849
262021897
262021909
262021933
262021937
262021943
262021961
262021973
262021987
262021993
262021997
262021999
262022051
262022053
262022077
262022099
262022107
262022161
262022183
262022191
262022213
262022239
262022249
262022251
262022273
262022287
262022291
262022329
262022339
262022347
262022359
262022413
262022441
262022443
262022471
262022473
262022489
262022507
262022533
262022549
262022561
262022587
262022591
262022611
262022639
262022669
262022687
262022699
262022753
262022767
262022773
262022797
262022809
262022837
262022851
262022861
262022867
262022879
262022903
262022911
262022927
262022933
262022983
262023001
262023019
262023079
262023089
262023103
262023119
262023127
262023133
262023163
262023173
262023211
262023221
262023257
262023259
262023277
262023283
262023313
262023317
262023331
262023341
262023343
262023367
262023389
262023401
262023407
262023413
262023473
262023511
262023539
262023571
262023577
262023581
262023589
262023599
262023607
262023631
262023647
262023649
262023673
262023691
262023709
262023719
262023721
262023739
262023767
262023823
262023829
262023857
262023887
262023913
262023929
262023947
262023953
262024033
262024067
262024123
262024127
262024157
262024159
262024163
262024187
262024223
262024237
262024249
262024261
262024289
262024363
262024409
262024447
262024453
262024457
262024501
262024531
262024559
262024627
262024669
262024681
262024691
262024699
262024709
262024733
262024747
262024753
262024769
262024771
262024783
262024793
262024799
262024823
262024853
262024871
262024879
262024883
262024921
262024933
262024943
262024949
262024957
262024963
262024979
262024999
262025041
262025053
262025087
262025111
262025117
262025123
262025149
262025173
262025189
262025201
262025207
262025213
262025221
262025249
262025261
262025263
262025279
262025297
262025311
262025327
262025347
262025363
262025389
262025461
262025479
262025503
262025507
262025521
262025551
262025567
262025593
262025633
262025651
262025653
262025663
262025737
262025747
262025767
262025779
262025791
262025801
262025849
262025851
262025909
262025963
262025969
262025989
262025993
262025999
262026007
262026013
262026029
262026031
262026077
262026101
262026109
262026113
262026137
262026157
262026181
262026209
262026217
262026227
262026239
262026241
262026263
262026277
262026307
262026343
262026361
262026371
262026379
262026383
262026403
262026431
262026437
262026439
262026467
262026469
262026497
262026529
262026553
262026581
262026607
262026617
262026619
262026671
262026673
262026691
262026703
262026727
262026731
262026733
262026799
262026829
262026839
262026851
262026871
262026889
262026913
262026923
262026931
262026937
262026959
262026983
262026997
262027037
262027039
262027111
262027169
262027189
262027217
262027231
262027277
262027301
262027331
262027333
262027343
262027369
262027393
262027421
262027427
262027457
262027459
262027487
262027489
262027501
262027529
262027541
262027561
262027567
262027573
262027583
262027589
262027603
262027609
262027621
262027627
262027639
262027657
262027669
262027697
262027721
262027729
262027741
262027793
262027807
262027811
262027859
262027861
262027907
262027921
262027949
262027951
262027957
262027991
262027999
262028009
262028023
262028057
262028059
262028071
262028077
262028083
262028087
262028099
262028101
262028119
262028159
262028201
262028203
262028209
262028231
262028233
262028257
262028279
262028329
262028353
262028359
262028363
262028383
262028387
262028401
262028407
262028453
262028477
262028509
262028521
262028539
262028551
262028579
262028587
262028629
262028653
262028681
262028693
262028699
262028707
262028747
262028749
262028777
262028779
262028797
262028821
262028839
262028843
262028861
262028881
262028911
262028947
262028969
262028989
262028999
262029011
262029023
262029029
262029037
262029043
262029049
262029059
262029101
262029113
262029127
262029139
262029149
262029151
262029217
262029223
262029253
262029269
262029281
262029283
262029307
262029311
262029331
262029337
262029353
262029359
262029373
262029377
262029379
262029421
262029431
262029461
262029473
262029499
262029511
262029527
262029533
262029541
262029571
262029601
262029641
262029643
262029707
262029727
262029739
262029743
262029769
262029773
262029791
262029809
262029821
262029853
262029871
262029907
262029913
262029947
262030001
262030031
262030037
262030049
262030063
262030081
262030103
262030127
262030133
262030147
262030157
262030207
262030213
262030289
262030339
262030381
262030409
262030427
262030493
262030529
262030553
262030579
262030589
262030619
262030621
262030649
262030667
262030669
262030679
262030709
262030733
262030763
262030771
262030787
262030801
262030829
262030831
262030861
262030871
262030883
262030931
262030943
262030961
262030963
262030981
262030987
262030991
262030997
262030999
262031009
262031023
262031057
262031059
262031069
262031093
262031117
262031129
262031131
262031137
262031177
262031227
262031233
262031239
262031243
262031291
262031303
262031323
262031339
262031389
262031401
262031423
262031491
262031503
262031507
262031537
262031569
262031579
262031597
262031611
262031621
262031639
262031687
262031699
262031719
262031741
262031807
262031837
262031839
262031843
262031873
262031881
262031911
262031927
262031929
262031963
262031993
262032007
262032061
262032143
262032151
262032163
262032179
262032223
262032227
262032241
262032257
262032283
262032289
262032293
262032301
262032319
262032349
262032383
262032389
262032391
262032413
262032427
262032431
262032451
262032457
262032479
262032521
262032523
262032527
262032569
262032571
262032581
262032593
262032607
262032647
262032703
262032707
262032733
262032737
262032761
262032773
262032787
262032817
262032829
262032833
262032851
262032871
262032887
262032907
262032941
262032961
262032973
262032977
262033027
262033033
262033063
262033073
262033081
262033103
262033127
262033129
262033141
262033153
262033159
262033217
262033249
262033253
262033259
262033309
262033333
262033363
262033367
262033391
262033417
262033433
262033439
262033451
262033459
262033469
262033481
262033511
262033517
262033543
262033547
262033559
262033561
262033567
262033609
262033627
262033637
262033703
262033721
262033753
262033771
262033781
262033799
262033813
262033817
262033819
262033823
262033841
262033843
262033853
262033867
262033907
262033909
262033913
262033951
262033969
262033973
262033987
262033991
262033999
262034023
262034033
262034077
262034083
262034089
262034117
262034161
262034177
262034219
262034249
262034251
262034261
262034287
262034293
262034317
262034323
262034327
262034393
262034417
262034431
262034441
262034473
262034477
262034483
262034489
262034497
262034503
262034543
262034551
262034579
262034587
262034593
262034609
262034611
262034657
262034677
262034693
262034701
262034743
262034771
262034797
262034803
262034867
262034873
262034891
262034897
262034933
262034963
262035013
262035017
262035043
262035047
262035079
262035091
262035119
262035131
262035139
262035143
262035173
262035181
262035197
262035209
262035211
262035247
262035253
262035259
262035287
262035341
262035349
262035353
262035409
262035451
262035497
262035523
262035533
262035541
262035583
262035589
262035601
262035607
262035623
262035649
262035659
262035667
262035689
262035701
262035743
262035751
262035779
262035791
262035827
262035853
262035863
262035871
262035877
262035881
262035883
262035911
262035919
262035923
262035929
262035947
262035953
262035979
262036013
262036037
262036057
262036067
262036069
262036121
262036157
262036237
262036261
262036279
262036301
262036303
262036337
262036339
262036343
262036349
262036361
262036393
262036403
262036417
262036427
262036441
262036477
262036499
262036501
262036513
262036519
262036571
262036573
262036591
262036651
262036669
262036729
262036739
262036741
262036757
262036783
262036807
262036813
262036829
262036871
262036909
262036919
262036921
262036939
262036949
262036967
262036993
262037003
262037033
262037057
262037081
262037089
262037107
262037117
262037119
262037123
262037129
262037147
262037213
262037221
262037249
262037257
262037287
262037299
262037309
262037323
262037351
262037381
262037401
262037407
262037443
262037453
262037483
262037491
262037497
262037521
262037537
262037539
262037579
262037623
262037669
262037681
262037693
262037717
262037719
262037753
262037767
262037801
262037819
262037843
262037849
262037851
262037857
262037869
262037887
262037891
262037933
262037969
262037977
262037981
262037999
262038041
262038043
262038047
262038061
262038089
262038097
262038151
262038163
262038191
262038193
262038199
262038233
262038263
262038269
262038277
262038331
262038341
262038389
262038433
262038437
262038449
262038451
262038463
262038479
262038499
262038509
262038533
262038547
262038571
262038589
262038599
262038643
262038703
262038713
262038781
262038787
262038797
262038811
262038817
262038853
262038869
262038893
262038911
262038961
262038967
262038989
262039007
262039079
262039081
262039091
262039093
262039109
262039111
262039171
262039177
262039181
262039189
262039223
262039247
262039259
262039303
262039319
262039339
262039369
262039397
262039399
262039403
262039409
262039417
262039451
262039471
262039517
262039537
262039553
262039571
262039573
262039577
262039601
262039607
262039619
262039627
262039643
262039669
262039681
262039699
262039727
262039741
262039781
262039823
262039831
262039837
262039847
262039859
262039871
262039907
262039937
262039949
262039961
262040011
262040021
262040029
262040041
262040059
262040071
262040099
262040101
262040161
262040167
262040183
262040189
262040209
262040231
262040249
262040257
262040279
262040281
262040291
262040293
262040341
262040347
262040351
262040377
262040399
262040407
262040413
262040447
262040459
262040501
262040503
262040521
262040543
262040563
262040579
262040599
262040621
262040629
262040641
262040657
262040659
262040663
262040677
262040683
262040707
262040729
262040743
262040749
262040773
262040791
262040797
262040803
262040809
262040843
262040879
262040893
262040899
262040927
262040939
262040959
262040981
262041037
262041053
262041061
262041089
262041137
262041151
262041163
262041223
262041251
262041253
262041301
262041313
262041319
262041337
262041347
262041359
262041379
262041389
262041391
262041401
262041433
262041467
262041491
262041503
262041509
262041517
262041539
262041547
262041557
262041581
262041583
262041629
262041631
262041649
262041653
262041671
262041679
262041683
262041713
262041727
262041743
262041761
262041797
262041799
262041803
262041809
262041817
262041821
262041847
262041887
262041907
262041917
262041919
262041931
262041959
262041971
262042007
262042009
262042019
262042049
262042073
262042093
262042127
262042169
262042189
262042201
262042211
262042247
262042271
262042279
262042303
262042307
262042331
262042337
262042373
262042409
262042477
262042483
262042489
262042511
262042513
262042523
262042601
262042631
262042633
262042643
262042663
262042667
262042717
262042727
262042747
262042757
262042787
262042793
262042801
262042877
262042883
262042919
262042973
262042987
262042997
262042999
262043009
262043011
262043029
262043039
262043057
262043059
262043069
262043113
262043123
262043137
262043143
262043147
262043149
262043153
262043167
262043191
262043203
262043233
262043261
262043267
262043281
262043297
262043311
262043329
262043351
262043357
262043359
262043387
262043407
262043417
262043429
262043443
262043447
262043473
262043477
262043479
262043513
262043539
262043563
262043569
262043581
262043597
262043641
262043689
262043737
262043741
262043777
262043779
262043809
262043827
262043843
262043863
262043867
262043923
262043927
262043981
262043989
262044043
262044049
262044071
262044073
262044077
262044109
262044113
262044127
262044131
262044157
262044163
262044241
262044247
262044253
262044259
262044269
262044283
262044353
262044373
262044383
262044403
262044427
262044439
262044449
262044469
262044481
262044491
262044499
262044509
262044527
262044553
262044577
262044649
262044697
262044737
262044743
262044781
262044823
262044859
262044863
262044889
262044917
262044949
262044977
262045001
262045009
262045013
262045037
262045051
262045067
262045099
262045109
262045111
262045117
262045159
262045177
262045213
262045219
262045237
262045271
262045307
262045313
262045319
262045339
262045369
262045379
262045393
262045477
262045501
262045513
262045541
262045559
262045561
262045591
262045613
262045627
262045673
262045703
262045723
262045781
262045789
262045799
262045841
262045859
262045867
262045873
262045897
262045907
262045909
262045921
262045937
262045991
262046003
262046027
262046033
262046039
262046063
262046077
262046089
262046123
262046167
262046201
262046203
262046207
262046219
262046231
262046237
262046251
262046263
262046299
262046311
262046341
262046359
262046399
262046443
262046453
262046467
262046489
262046507
262046509
262046549
262046557
262046633
262046641
262046657
262046677
262046693
262046699
262046717
262046731
262046749
262046753
262046801
262046809
262046821
262046833
262046899
262046903
262046921
262046923
262046927
262046933
262046947
262046951
262046957
262046969
262046971
262046977
262046989
262047007
262047011
262047017
262047053
262047131
262047133
262047167
262047199
262047217
262047241
262047271
262047307
262047311
262047319
262047323
262047337
262047341
262047389
262047397
262047403
262047421
262047437
262047463
262047479
262047481
262047559
262047593
262047679
262047713
262047739
262047749
262047757
262047761
262047803
262047811
262047827
262047869
262047871
262047893
262047899
262047923
262047931
262047937
262047959
262047997
262048049
262048051
262048093
262048103
262048109
262048121
262048141
262048151
262048159
262048169
262048201
262048207
262048211
262048219
262048231
262048249
262048273
262048279
262048309
262048327
262048333
262048349
262048373
262048403
262048427
262048429
262048511
262048529
262048537
262048607
262048613
262048639
262048649
262048687
262048691
262048697
262048711
262048747
262048781
262048783
262048799
262048807
262048811
262048847
262048849
262048877
262048883
262048889
262048909
262048957
262048973
262048987
262048991
262049003
262049041
262049057
262049077
262049153
262049167
262049173
262049213
262049251
262049257
262049287
262049303
262049329
262049357
262049363
262049371
262049383
262049401
262049443
262049453
262049471
262049507
262049521
262049561
262049563
262049587
262049609
262049629
262049639
262049647
262049657
262049659
262049681
262049701
262049707
262049761
262049813
262049831
262049897
262049941
262049959
262049989
262049993
262050001
262050011
262050013
262050043
262050049
262050067
262050077
262050091
262050143
262050157
262050163
262050181
262050197
262050209
262050227
262050233
262050259
262050287
262050289
262050331
262050343
262050361
262050419
262050433
262050457
262050463
262050491
262050493
262050499
262050511
262050517
262050577
262050589
262050617
262050619
262050623
262050637
262050647
262050653
262050667
262050689
262050713
262050727
262050731
262050739
262050749
262050769
262050773
262050791
262050797
262050823
262050827
262050829
262050871
262050913
262050917
262051007
262051019
262051043
262051063
262051087
262051103
262051147
262051157
262051177
262051183
262051199
262051241
262051247
262051253
262051381
262051393
262051409
262051411
262051423
262051429
262051457
262051499
262051513
262051519
262051529
262051561
262051597
262051607
262051609
262051613
262051631
262051637
262051639
262051681
262051693
262051709
262051717
262051721
262051759
262051763
262051771
262051817
262051861
262051877
262051901
262051943
262051963
262051967
262051987
262052017
262052027
262052039
262052053
262052069
262052081
262052107
262052117
262052159
262052177
262052201
262052233
262052251
262052303
262052327
262052339
262052341
262052353
262052359
262052377
262052423
262052431
262052447
262052491
262052519
262052521
262052543
262052563
262052627
262052629
262052647
262052653
262052657
262052701
262052711
262052719
262052743
262052761
262052779
262052797
262052801
262052809
262052821
262052831
262052837
262052839
262052849
262052851
262052863
262052887
262052897
262052911
262052929
262052963
262052971
262053023
262053049
262053061
262053091
262053097
262053109
262053131
262053139
262053151
262053167
262053217
262053221
262053229
262053241
262053257
262053269
262053289
262053293
262053313
262053353
262053401
262053409
262053437
262053457
262053479
262053523
262053563
262053641
262053661
262053679
262053689
262053703
262053709
262053713
262053731
262053749
262053787
262053821
262053839
262053851
262053859
262053863
262053907
262053917
262053937
262053941
262053977
262054043
262054057
262054081
262054127
262054147
262054171
262054183
262054189
262054259
262054267
262054277
262054283
262054333
262054339
262054343
262054349
262054357
262054363
262054369
262054379
262054381
262054399
262054423
262054477
262054511
262054519
262054549
262054553
262054589
262054601
262054603
262054607
262054619
262054679
262054693
262054717
262054729
262054733
262054753
262054781
262054789
262054829
262054853
262054879
262054901
262054921
262054967
262054999
262055009
262055039
262055069
262055081
262055083
262055089
262055099
262055117
262055141
262055179
262055203
262055237
262055251
262055257
262055279
262055309
262055347
262055359
262055371
262055377
262055401
262055407
262055461
262055471
262055501
262055539
262055557
262055579
262055609
262055611
262055621
262055623
262055627
262055659
262055681
262055713
262055743
262055749
262055779
262055789
262055791
262055851
262055869
262055873
262055891
262055897
262055909
262055917
262055933
262055971
262055987
262056013
262056049
262056059
262056077
262056107
262056169
262056191
262056211
262056247
262056251
262056269
262056271
262056287
262056293
262056313
262056329
262056367
262056397
262056401
262056407
262056409
262056439
262056449
262056451
262056469
262056517
262056523
262056541
262056593
262056623
262056629
262056637
262056653
262056661
262056703
262056709
262056727
262056757
262056791
262056799
262056827
262056859
262056863
262056869
262056877
262056881
262056941
262056959
262056961
262057039
262057087
262057111
262057121
262057127
262057129
262057153
262057163
262057171
262057181
262057183
262057189
262057217
262057223
262057267
262057319
262057321
262057337
262057357
262057361
262057373
262057417
262057447
262057463
262057483
262057487
262057489
262057507
262057511
262057541
262057559
262057583
262057589
262057591
262057597
262057639
262057651
262057657
262057661
262057667
262057687
262057711
262057739
262057799
262057801
262057843
262057889
262057897
262057927
262057981
262057997
262058029
262058047
262058053
262058063
262058081
262058099
262058119
262058131
262058171
262058177
262058191
262058219
262058233
262058243
262058261
262058263
262058267
262058273
262058387
262058411
262058477
262058483
262058513
262058521
262058543
262058551
262058579
262058581
262058597
262058609
262058611
262058617
262058627
262058651
262058653
262058663
262058683
262058701
262058747
262058801
262058807
262058851
262058861
262058873
262058947
262058957
262059011
262059013
262059041
262059059
262059073
262059101
262059107
262059113
262059139
262059143
262059163
262059173
262059181
262059227
262059247
262059289
262059307
262059313
262059323
262059349
262059359
262059361
262059373
262059377
262059379
262059383
262059407
262059409
262059467
262059529
262059541
262059557
262059593
262059601
262059649
262059661
262059667
262059683
262059691
262059701
262059703
262059727
262059731
262059767
262059773
262059781
262059821
262059829
262059869
262059883
262059893
262059899
262059943
262059949
262059971
262059983
262059997
262060009
262060021
262060033
262060063
262060111
262060171
262060181
262060187
262060193
262060199
262060223
262060231
262060283
262060303
262060343
262060399
262060427
262060429
262060451
262060481
262060549
262060553
262060621
262060649
262060679
262060691
262060727
262060741
262060759
262060783
262060793
262060801
262060829
262060853
262060859
262060913
262060921
262060937
262060951
262060957
262060969
262060979
262060987
262061003
262061027
262061029
262061039
262061077
262061089
262061099
262061147
262061153
262061183
262061207
262061209
262061227
262061263
262061279
262061323
262061339
262061347
262061399
262061411
262061413
262061419
262061431
262061447
262061453
262061467
262061483
262061533
262061537
262061543
262061573
262061581
262061587
262061599
262061629
262061633
262061659
262061663
262061669
262061671
262061689
262061711
262061753
262061759
262061773
262061831
262061867
262061869
262061887
262061971
262061981
262061983
262061999
262062007
262062071
262062077
262062091
262062103
262062107
262062113
262062131
262062137
262062169
262062173
262062233
262062239
262062257
262062287
262062289
262062301
262062329
262062347
262062371
262062401
262062403
262062407
262062431
262062439
262062443
262062467
262062469
262062523
262062533
262062571
262062587
262062607
262062617
262062629
262062637
262062653
262062659
262062727
262062743
262062751
262062767
262062799
262062833
262062847
262062883
262062907
262062947
262062967
262063019
262063049
262063079
262063147
262063183
262063189
262063213
262063229
262063237
262063253
262063283
262063289
262063337
262063379
262063391
262063393
262063411
262063421
262063423
262063433
262063463
262063471
262063481
262063499
262063507
262063519
262063547
262063567
262063573
262063597
262063603
262063631
262063657
262063661
262063667
262063693
262063709
262063717
262063727
262063729
262063741
262063757
262063787
262063799
262063811
262063819
262063831
262063847
262063849
262063861
262063873
262063877
262063889
262063913
262063939
262063999
262064003
262064041
262064051
262064071
262064083
262064141
262064147
262064177
262064191
262064219
262064227
262064261
262064267
262064279
262064287
262064291
262064347
262064353
262064399
262064417
262064443
262064459
262064513
262064519
262064521
262064531
262064591
262064597
262064611
262064617
262064641
262064657
262064659
262064681
262064689
262064713
262064753
262064773
262064813
262064819
262064827
262064839
262064893
262064923
262064941
262064981
262064983
262064987
262064993
262065029
262065031
262065049
262065053
262065061
262065077
262065121
262065127
262065137
262065161
262065163
262065169
262065187
262065229
262065241
262065247
262065253
262065259
262065277
262065283
262065329
262065359
262065361
262065383
262065403
262065437
262065439
262065493
262065497
262065509
262065511
262065541
262065553
262065571
262065593
262065637
262065649
262065667
262065679
262065701
262065707
262065719
262065731
262065781
262065827
262065907
262065941
262065959
262065961
262065977
262065983
262066001
262066003
262066019
262066027
262066061
262066073
262066081
262066159
262066171
262066177
262066199
262066213
262066229
262066247
262066249
262066303
262066307
262066319
262066349
262066367
262066369
262066379
262066403
262066421
262066451
262066457
262066481
262066537
262066579
262066583
262066589
262066633
262066643
262066657
262066661
262066663
262066667
262066687
262066697
262066699
262066723
262066729
262066789
262066799
262066837
262066843
262066859
262066879
262066891
262066969
262067021
262067059
262067077
262067101
262067137
262067213
262067219
262067237
262067261
262067293
262067317
262067357
262067369
262067401
262067419
262067423
262067447
262067473
262067483
262067489
262067537
262067539
262067567
262067579
262067581
262067587
262067599
262067623
262067639
262067647
262067657
262067731
262067747
262067789
262067797
262067803
262067821
262067833
262067863
262067951
262068031
262068047
262068067
262068097
262068127
262068137
262068143
262068179
262068181
262068217
262068221
262068253
262068263
262068293
262068319
262068341
262068343
262068353
262068361
262068377
262068397
262068409
262068419
262068431
262068491
262068497
262068511
262068553
262068571
262068581
262068607
262068643
262068659
262068661
262068673
262068689
262068701
262068707
262068721
262068733
262068773
262068791
262068827
262068839
262068883
262068887
262068893
262068907
262068971
262068979
262069013
262069021
262069069
262069111
262069117
262069123
262069151
262069163
262069207
262069211
262069231
262069271
262069273
262069279
262069303
262069309
262069333
262069363
262069387
262069393
262069411
262069469
262069519
262069523
262069529
262069531
262069541
262069559
262069573
262069589
262069601
262069609
262069657
262069669
262069673
262069721
262069727
262069729
262069747
262069757
262069811
262069813
262069859
262069861
262069867
262069879
262069883
262069901
262069919
262069921
262069931
262069937
262069967
262070051
262070057
262070069
262070101
262070111
262070131
262070143
262070161
262070227
262070231
262070233
262070239
262070267
262070273
262070321
262070323
262070329
262070387
262070407
262070411
262070437
262070447
262070489
262070503
262070513
262070537
262070539
262070551
262070561
262070563
262070569
262070603
262070639
262070687
262070693
262070707
262070719
262070747
262070761
262070777
262070779
262070789
262070801
262070813
262070833
262070839
262070881
262070891
262070903
262070917
262070981
262070987
262071023
262071049
262071053
262071059
262071071
262071079
262071109
262071113
262071127
262071143
262071149
262071157
262071181
262071209
262071211
262071217
262071233
262071239
262071247
262071281
262071287
262071319
262071349
262071373
262071401
262071409
262071413
262071443
262071461
262071487
262071497
262071517
262071539
262071553
262071581
262071611
262071619
262071647
262071701
262071707
262071743
262071749
262071763
262071767
262071791
262071793
262071809
262071827
262071853
262071911
262071937
262071941
262071947
262071961
262071967
262071989
262072003
262072009
262072021
262072039
262072049
262072061
262072081
262072099
262072157
262072169
262072177
262072183
262072219
262072243
262072249
262072259
262072267
262072271
262072303
262072319
262072361
262072367
262072379
262072381
262072397
262072403
262072427
262072457
262072463
262072471
262072483
262072519
262072523
262072537
262072549
262072553
262072571
262072579
262072589
262072597
262072621
262072627
262072637
262072669
262072687
262072691
262072703
262072751
262072753
262072763
262072771
262072781
262072807
262072829
262072873
262072883
262072907
262072919
262072927
262072931
262072949
262072973
262072991
262073011
262073027
262073057
262073059
262073069
262073111
262073129
262073143
262073153
262073159
262073167
262073177
262073197
262073209
262073219
262073233
262073239
262073243
262073291
262073321
262073333
262073359
262073369
262073401
262073407
262073417
262073419
262073423
262073443
262073453
262073459
262073489
262073501
262073503
262073527
262073561
262073587
262073621
262073633
262073653
262073657
262073729
262073741
262073767
262073789
262073827
262073843
262073857
262073879
262073893
262073953
262073971
262074017
262074019
262074037
262074053
262074089
262074097
262074101
262074107
262074119
262074133
262074149
262074151
262074187
262074199
262074203
262074229
262074271
262074299
262074311
262074343
262074349